nm	Psi_65	Del_65	Psi_70	Del_70	Psi_75	Del_75
300.0000	32.5537	23.0184	29.1436	31.4312	24.7612	46.1424
310.0000	31.1302	22.5076	27.3529	31.0727	22.5600	46.6377
320.0000	30.3984	21.8618	26.4188	30.3872	21.3784	46.2817
330.0000	29.9554	20.9511	25.8306	29.2677	20.5738	45.1084
340.0000	29.7465	19.9462	25.5279	27.9507	20.0927	43.4411
350.0000	29.9021	18.7099	25.6683	26.2169	20.1082	40.8329
360.0000	30.6234	15.9317	26.4633	22.2413	20.7597	34.5055
370.0000	30.5195	9.9784	26.1660	14.0051	19.8809	22.1564
380.0000	28.7159	5.2636	23.8128	7.5397	16.6825	12.6307
390.0000	26.9799	3.6050	21.6295	5.2783	13.9426	9.4292
400.0000	25.7115	2.7909	20.0565	4.1636	12.0233	7.8921
410.0000	24.7106	2.3324	18.8277	3.5384	10.5524	7.1007
420.0000	23.9029	2.0131	17.8433	3.1002	9.3898	6.5724
430.0000	23.2199	1.7441	17.0160	2.7235	8.4225	6.0966
440.0000	22.6225	1.5167	16.2962	2.3998	7.5885	5.6765
450.0000	22.0922	1.3337	15.6604	2.1368	6.8580	5.3466
460.0000	21.6189	1.1920	15.0954	1.9326	6.2138	5.1208
470.0000	21.1954	1.0839	14.5919	1.7774	5.6436	4.9921
480.0000	20.8156	1.0005	14.1419	1.6583	5.1371	4.9413
490.0000	20.4738	0.9334	13.7382	1.5629	4.6852	4.9444
500.0000	20.1647	0.8760	13.3742	1.4809	4.2796	4.9788
510.0000	19.8837	0.8238	13.0442	1.4052	3.9133	5.0262
520.0000	19.6267	0.7741	12.7430	1.3319	3.5803	5.0749
530.0000	19.3903	0.7257	12.4666	1.2590	3.2755	5.1186
540.0000	19.1717	0.6783	12.2114	1.1862	2.9951	5.1559
550.0000	18.9686	0.6323	11.9748	1.1140	2.7357	5.1891
560.0000	18.7793	0.5879	11.7546	1.0434	2.4949	5.2222
570.0000	18.6022	0.5456	11.5490	0.9751	2.2706	5.2603
580.0000	18.4361	0.5057	11.3565	0.9100	2.0611	5.3099
590.0000	18.2802	0.4685	11.1760	0.8485	1.8651	5.3774
600.0000	18.1334	0.4341	11.0064	0.7911	1.6813	5.4702
610.0000	17.9951	0.4024	10.8468	0.7378	1.5087	5.5966
620.0000	17.8647	0.3735	10.6963	0.6888	1.3463	5.7673
630.0000	17.7414	0.3472	10.5544	0.6439	1.1935	5.9952
640.0000	17.6249	0.3234	10.4204	0.6030	1.0495	6.2985
650.0000	17.5146	0.3019	10.2937	0.5659	0.9136	6.7029
660.0000	17.4102	0.2826	10.1738	0.5325	0.7853	7.2472
670.0000	17.3112	0.2654	10.0602	0.5023	0.6641	7.9927
680.0000	17.2172	0.2500	9.9525	0.4754	0.5495	9.0440
690.0000	17.1280	0.2363	9.8504	0.4515	0.4413	10.5933
700.0000	17.0432	0.2242	9.7534	0.4303	0.3393	13.0308
710.0000	16.9627	0.2136	9.6613	0.4116	0.2436	17.3007
720.0000	16.8860	0.2042	9.5738	0.3952	0.1556	26.2759
730.0000	16.8131	0.1960	9.4905	0.3808	0.0833	52.1481
740.0000	16.7437	0.1889	9.4113	0.3683	0.0711	117.5774
750.0000	16.6776	0.1825	9.3360	0.3572	0.1280	151.7523
760.0000	16.6146	0.1768	9.2643	0.3473	0.1976	162.8003
770.0000	16.5547	0.1716	9.1960	0.3381	0.2670	167.7991
780.0000	16.4975	0.1666	9.1309	0.3293	0.3342	170.6078
790.0000	16.4430	0.1615	9.0690	0.3203	0.3988	172.4093
800.0000	16.3910	0.1562	9.0098	0.3108	0.4605	173.6732
810.0000	16.3413	0.1504	8.9534	0.3001	0.5196	174.6249
820.0000	16.2938	0.1439	8.8993	0.2880	0.5761	175.3796
830.0000	16.2481	0.1367	8.8475	0.2742	0.6303	176.0054
840.0000	16.2043	0.1286	8.7978	0.2587	0.6824	176.5403
850.0000	16.1621	0.1198	8.7498	0.2417	0.7327	177.0079
860.0000	16.1212	0.1105	8.7036	0.2234	0.7811	177.4209
870.0000	16.0817	0.1008	8.6588	0.2044	0.8280	177.7866
880.0000	16.0435	0.0911	8.6154	0.1850	0.8735	178.1103
890.0000	16.0063	0.0815	8.5733	0.1659	0.9175	178.3958
900.0000	15.9703	0.0722	8.5325	0.1474	0.9603	178.6450
910.0000	15.9353	0.0635	8.4929	0.1298	1.0018	178.8617
920.0000	15.9014	0.0553	8.4546	0.1134	1.0420	179.0488
930.0000	15.8685	0.0478	8.4173	0.0983	1.0810	179.2089
940.0000	15.8366	0.0410	8.3812	0.0845	1.1187	179.3460
950.0000	15.8057	0.0349	8.3463	0.0720	1.1553	179.4623
960.0000	15.7757	0.0295	8.3124	0.0610	1.1908	179.5605
970.0000	15.7467	0.0249	8.2796	0.0510	1.2251	179.6433
980.0000	15.7186	0.0216	8.2479	0.0416	1.2583	179.7146
990.0000	15.6914	0.0073	8.2172	0.0239	1.2905	179.7856
1000.0000	15.6651	0.0285	8.1874	-0.0162	1.3216	179.8649
1010.0000	15.6398	-0.1736	8.1587	0.2285	1.3517	179.5826
1020.0000	15.6171	-0.2334	8.1321	0.4253	1.3811	-179.4195
1030.0000	15.6044	-1.4818	8.1119	1.7206	1.4106	-178.2238
1040.0000	15.6249	0.8737	8.1123	-3.3070	1.4431	176.1727
1050.0000	15.7301	-1.6240	8.1650	-4.4755	1.4850	179.5019
1060.0000	15.9650	8.3170	8.2979	6.2276	1.5430	168.8564
1070.0000	16.3515	11.3407	8.5258	9.9734	1.6212	163.9814
1080.0000	16.7869	6.9765	8.7869	-15.5559	1.7082	-158.4659
1090.0000	17.2121	5.2965	9.0448	-12.4875	1.7965	-165.5272
1100.0000	17.5334	-1.5721	9.2394	-24.1062	1.8724	-150.5014
1110.0000	17.8423	17.2924	9.4283	-6.0987	1.9482	151.0663
1120.0000	18.0802	-24.3827	9.5730	-1.2409	2.0146	-148.1168
1130.0000	18.3124	22.2440	9.7154	28.6952	2.0812	-146.7472
1140.0000	18.4649	-2.3598	9.8061	17.9018	2.1353	-145.4955
1150.0000	18.5555	-15.8838	9.8560	19.2898	2.1788	-136.9876
1160.0000	18.6505	-20.4390	9.9088	30.2743	2.2227	142.8588
1170.0000	18.6986	-19.1153	9.9306	40.1889	2.2580	150.5655
1180.0000	18.7149	-15.3949	9.9315	-18.0350	2.2871	-172.0535
1190.0000	18.7300	-12.8970	9.9317	-40.1655	2.3152	-138.7108
1200.0000	18.7127	-14.6701	9.9110	-30.4069	2.3373	-170.8851
1210.0000	18.6959	-24.1425	9.8908	-26.3592	2.3587	132.6238
1220.0000	18.6795	-34.6906	9.8712	-33.7658	2.3796	133.5870
1230.0000	18.6636	34.3705	9.8521	-33.8634	2.3998	138.8252
1240.0000	18.6480	-13.6220	9.8335	31.5211	2.4196	-135.4811
1250.0000	18.6329	31.5871	9.8154	-33.7252	2.4389	167.9752
1260.0000	18.6181	4.9097	9.7978	8.2924	2.4576	-135.5154
1270.0000	18.6037	5.6520	9.7805	22.5668	2.4759	163.8681
1280.0000	18.5897	29.0268	9.7637	4.8103	2.4937	-155.0471
1290.0000	18.5760	-26.7228	9.7474	-40.8520	2.5111	-153.7889
1300.0000	18.5626	1.6751	9.7314	0.0655	2.5281	132.9406
1310.0000	18.5496	-3.8934	9.7158	7.6817	2.5446	142.7494
1320.0000	18.5368	-34.3964	9.7006	-27.0695	2.5607	137.4423
1330.0000	18.5244	-8.0146	9.6857	29.3186	2.5765	-169.9718
1340.0000	18.5123	-10.5809	9.6712	37.3680	2.5919	-147.6497
1350.0000	18.5004	-16.4846	9.6571	1.4591	2.6069	-177.8040
1360.0000	18.4888	-25.7873	9.6432	40.9358	2.6215	-137.1433
1370.0000	18.4775	-35.1519	9.6297	37.9799	2.6359	-146.1938
1380.0000	18.4664	10.6971	9.6165	-21.2429	2.6499	-168.4867
1390.0000	18.4556	14.7355	9.6036	-4.2069	2.6635	-140.8240
1400.0000	18.4450	-30.7800	9.5910	-40.4244	2.6769	-174.0286
1410.0000	18.4347	-14.0784	9.5786	-12.9788	2.6900	-133.5166
1420.0000	18.4246	-30.9718	9.5665	-38.3748	2.7027	-148.5959
1430.0000	18.4147	-22.2926	9.5547	1.1083	2.7152	133.4915
1440.0000	18.4050	-25.3614	9.5432	-21.9558	2.7274	-177.8338
1450.0000	18.3955	-22.5916	9.5319	23.7146	2.7394	164.8513
1460.0000	18.3863	-24.3864	9.5208	0.4078	2.7511	149.8887
1470.0000	18.3772	-25.4716	9.5100	38.7575	2.7625	-154.5321
1480.0000	18.3683	8.6770	9.4994	13.0069	2.7737	-177.1526
1490.0000	18.3596	-35.0938	9.4890	40.3207	2.7847	-135.5499
1500.0000	18.3511	29.8272	9.4788	4.3714	2.7954	-167.1453
1510.0000	18.3427	34.0341	9.4689	22.7520	2.8059	-139.8432
1520.0000	18.3345	-22.4019	9.4591	-34.7940	2.8163	166.6388
1530.0000	18.3265	-30.8514	9.4496	-35.6795	2.8263	174.5948
1540.0000	18.3187	6.2963	9.4402	17.3350	2.8362	-136.5451
1550.0000	18.3110	-24.7936	9.4311	-9.0561	2.8459	-138.3895
1560.0000	18.3034	-9.4633	9.4221	19.4691	2.8554	139.0811
1570.0000	18.2960	25.5117	9.4133	-34.7005	2.8647	-148.6736
1580.0000	18.2888	34.9463	9.4046	-37.0458	2.8738	-144.2470
1590.0000	18.2817	-34.6983	9.3962	7.8028	2.8827	133.9167
1600.0000	18.2747	29.9477	9.3878	-30.9036	2.8915	-135.2904
1610.0000	18.2679	30.1539	9.3797	-22.0484	2.9001	144.8268
1620.0000	18.2611	-34.5063	9.3717	33.8383	2.9085	-176.8239
1630.0000	18.2546	33.8212	9.3639	3.3958	2.9168	156.3129
1640.0000	18.2481	35.0333	9.3562	17.4900	2.9249	179.6715
1650.0000	18.2418	-31.3267	9.3486	-31.9818	2.9329	-164.5573
1660.0000	18.2356	31.6566	9.3412	39.0885	2.9407	-138.7000
1670.0000	18.2294	29.9481	9.3339	40.3737	2.9483	-135.5098
1680.0000	18.2234	-29.0827	9.3268	-29.7902	2.9558	158.7809
1690.0000	18.2176	34.7748	9.3198	19.5221	2.9632	133.3472
1700.0000	18.2118	33.1906	9.3129	22.9675	2.9705	133.6987
1710.0000	18.2061	-16.0246	9.3062	-32.8176	2.9776	177.4824
1720.0000	18.2005	5.8078	9.2995	39.7713	2.9846	133.0911
1730.0000	18.1950	-18.0727	9.2930	25.4446	2.9914	163.1164
1740.0000	18.1897	-8.7024	9.2866	39.7002	2.9982	138.6091
1750.0000	18.1844	31.4510	9.2803	-34.0472	3.0048	-155.2351
1760.0000	18.1792	-11.4617	9.2741	36.9950	3.0113	163.9898
1770.0000	18.1741	-24.4073	9.2681	41.0242	3.0177	162.6638
1780.0000	18.1691	-7.4066	9.2621	-34.4300	3.0240	-159.7523
1790.0000	18.1641	34.7643	9.2562	3.6381	3.0302	133.3951
1800.0000	18.1593	-0.9234	9.2505	-34.6265	3.0362	-133.1443
1810.0000	18.1545	-13.0746	9.2448	-38.7707	3.0422	-133.1058
1820.0000	18.1498	3.7813	9.2392	-16.2629	3.0481	133.1130
1830.0000	18.1452	31.9567	9.2338	38.8958	3.0538	-164.1855
1840.0000	18.1407	2.5413	9.2284	-2.8809	3.0595	152.3506
1850.0000	18.1362	-16.5822	9.2231	-17.6390	3.0651	143.7694
1860.0000	18.1319	-8.5947	9.2179	-1.1251	3.0705	166.6268
1870.0000	18.1276	25.2694	9.2127	39.9906	3.0759	-138.8027
1880.0000	18.1233	-31.0095	9.2077	-15.3234	3.0812	163.8031
1890.0000	18.1191	24.4010	9.2027	-40.3217	3.0864	138.7120
1900.0000	18.1150	34.6746	9.1979	-40.9075	3.0916	141.2400
1910.0000	18.1110	-7.7932	9.1930	-22.9840	3.0966	173.5290
1920.0000	18.1070	-16.9547	9.1883	29.9055	3.1016	-133.1207
1930.0000	18.1031	32.8583	9.1837	-24.9770	3.1065	-176.7688
1940.0000	18.0993	17.0394	9.1791	-40.0447	3.1113	157.5482
1950.0000	18.0955	9.4353	9.1746	-38.3114	3.1160	160.7722
1960.0000	18.0917	23.9429	9.1701	-31.5575	3.1207	-167.4051
1970.0000	18.0881	-9.7974	9.1658	17.0668	3.1253	-164.1013
1980.0000	18.0844	2.3363	9.1615	-39.8654	3.1298	-169.8177
1990.0000	18.0809	-32.7214	9.1573	39.8288	3.1343	154.9183
2000.0000	18.0774	-26.2015	9.1531	38.1003	3.1386	147.1801
