nm	Psi_65	Del_65	Psi_70	Del_70	Psi_75	Del_75
300.0000	39.4099	76.4087	37.2220	88.2308	35.6281	101.5123
310.0000	35.3929	66.2383	32.4811	72.4849	29.0223	81.8034
320.0000	32.3900	49.3370	28.1421	48.7251	21.6943	48.6658
330.0000	30.3037	28.3280	25.2230	17.8860	18.0154	-3.0519
340.0000	29.4476	5.6888	25.1136	-14.8756	21.6550	-50.1956
350.0000	30.0707	-16.0145	27.6624	-42.2931	27.7767	-77.3168
360.0000	32.1687	-35.6428	31.7251	-62.7623	33.5228	-93.2768
370.0000	34.3123	-53.4026	35.3724	-78.4964	37.8648	-103.9968
380.0000	35.7455	-65.6451	38.0665	-87.3706	41.2705	-108.4434
390.0000	37.9256	-71.6075	41.6295	-89.5208	46.0374	-107.0183
400.0000	41.5650	-72.8394	47.3229	-86.4096	54.2540	-100.9218
410.0000	47.1447	-69.2620	56.3171	-77.3015	68.1816	-89.9039
420.0000	55.1748	-59.1847	68.9723	-55.8556	86.8281	-35.1947
430.0000	64.6726	-36.8394	77.3574	9.8817	72.5213	94.6244
440.0000	69.4705	6.5735	68.1091	66.4312	58.9521	105.3947
450.0000	64.1005	46.2032	57.1227	84.0552	50.3771	111.2417
460.0000	55.6342	65.1165	49.1571	91.7485	44.7899	114.5311
470.0000	48.5044	73.8242	43.5389	95.4246	40.8118	116.0838
480.0000	43.1101	77.7962	39.3760	96.8118	37.6854	116.4015
490.0000	39.0163	79.1112	36.0786	96.6707	34.9998	115.8188
500.0000	35.8015	78.7077	33.2943	95.4151	32.5241	114.5632
510.0000	33.1736	77.0853	30.8153	93.2916	30.1239	112.7928
520.0000	30.9444	74.5390	28.5184	90.4482	27.7180	110.6179
530.0000	28.9967	71.2564	26.3327	86.9684	25.2597	108.1173
540.0000	27.2584	67.3603	24.2202	82.8863	22.7248	105.3441
550.0000	25.6864	62.9331	22.1652	78.1927	20.1058	102.3273
560.0000	24.2572	58.0330	20.1696	72.8384	17.4093	99.0686
570.0000	22.9599	52.7031	18.2486	66.7308	14.6516	95.5252
580.0000	21.7916	46.9806	16.4300	59.7351	11.8583	91.5717
590.0000	20.7544	40.9021	14.7536	51.6775	9.0613	86.8835
600.0000	19.8534	34.5122	13.2711	42.3754	6.3022	80.5388
610.0000	19.0938	27.8650	12.0440	31.7013	3.6523	68.9737
620.0000	18.4799	21.0291	11.1373	19.7096	1.4919	26.7518
630.0000	18.0137	14.0871	10.6043	6.7758	2.2579	-60.0992
640.0000	17.6937	7.1297	10.4654	-6.3928	4.5064	-80.8057
650.0000	17.5146	0.2521	10.6957	-18.9685	6.7830	-88.7524
660.0000	17.4678	-6.4560	11.2319	-30.3266	8.9621	-93.5781
670.0000	17.5415	-12.9161	11.9950	-40.1987	11.0197	-97.1429
680.0000	17.7223	-19.0672	12.9108	-48.6083	12.9506	-100.0374
690.0000	17.9957	-24.8685	13.9197	-55.7283	14.7568	-102.5072
700.0000	18.3475	-30.2962	14.9783	-61.7688	16.4433	-104.6731
710.0000	18.7642	-35.3426	16.0564	-66.9263	18.0170	-106.6029
720.0000	19.2337	-40.0127	17.1340	-71.3652	19.4864	-108.3383
730.0000	19.7457	-44.3199	18.1986	-75.2170	20.8602	-109.9073
740.0000	20.2913	-48.2825	19.2424	-78.5839	22.1472	-111.3297
750.0000	20.8633	-51.9225	20.2615	-81.5463	23.3563	-112.6206
760.0000	21.4561	-55.2625	21.2543	-84.1669	24.4959	-113.7921
770.0000	22.0652	-58.3247	22.2207	-86.4949	25.5741	-114.8538
780.0000	22.6873	-61.1311	23.1621	-88.5700	26.5986	-115.8142
790.0000	23.3202	-63.7016	24.0802	-90.4237	27.5765	-116.6806
800.0000	23.9622	-66.0551	24.9777	-92.0822	28.5147	-117.4595
810.0000	24.6126	-68.2086	25.8573	-93.5667	29.4194	-118.1567
820.0000	25.2710	-70.1775	26.7221	-94.8952	30.2965	-118.7776
830.0000	25.9375	-71.9758	27.5753	-96.0827	31.1517	-119.3272
840.0000	26.6126	-73.6162	28.4201	-97.1420	31.9901	-119.8100
850.0000	27.2971	-75.1095	29.2599	-98.0841	32.8167	-120.2305
860.0000	27.9921	-76.4660	30.0978	-98.9185	33.6362	-120.5929
870.0000	28.6988	-77.6946	30.9372	-99.6536	34.4529	-120.9011
880.0000	29.4187	-78.8035	31.7815	-100.2968	35.2714	-121.1592
890.0000	30.1536	-79.7997	32.6340	-100.8548	36.0957	-121.3712
900.0000	30.9051	-80.6901	33.4980	-101.3335	36.9298	-121.5409
910.0000	31.6753	-81.4803	34.3768	-101.7385	37.7778	-121.6726
920.0000	32.4660	-82.1759	35.2738	-102.0749	38.6432	-121.7704
930.0000	33.2795	-82.7816	36.1924	-102.3474	39.5301	-121.8388
940.0000	34.1180	-83.3019	37.1358	-102.5607	40.4419	-121.8825
950.0000	34.9835	-83.7407	38.1074	-102.7189	41.3822	-121.9065
960.0000	35.8783	-84.1016	39.1103	-102.8264	42.3542	-121.9162
970.0000	36.8049	-84.3878	40.1479	-102.8867	43.3615	-121.9171
980.0000	37.7656	-84.6001	41.2235	-102.9014	44.4070	-121.9163
990.0000	38.7625	-84.7271	42.3400	-102.8617	45.4935	-121.9273
1000.0000	39.7980	-84.9311	43.5006	-102.8729	46.6238	-121.8874
1010.0000	40.8735	-84.4779	44.7072	-102.6639	47.7990	-121.7150
1020.0000	41.9845	-83.4301	45.9548	-104.1650	49.0144	-121.7342
1030.0000	43.0943	-84.4111	47.2005	-105.2261	50.2300	-121.8906
1040.0000	44.0628	-79.3056	48.2794	-94.6282	51.2948	-115.5988
1050.0000	44.5249	-71.5622	48.7587	-84.7082	51.8074	-107.3801
1060.0000	44.0807	-99.0130	48.1575	-126.3672	51.2998	-149.1644
1070.0000	42.5333	-81.1433	46.2349	-132.6629	49.4888	-67.8547
1080.0000	40.5661	-131.5222	43.8060	-29.1138	47.1038	-129.4518
1090.0000	38.5857	-62.1465	41.3638	173.4268	44.6288	-106.1876
1100.0000	37.1090	-50.3089	39.5321	136.4803	42.7240	-134.4484
1110.0000	35.6366	-71.2513	37.7154	-44.9637	40.8072	71.2987
1120.0000	34.4759	120.8185	36.2814	-174.8133	39.2723	-155.1903
1130.0000	33.2808	-72.5218	34.8155	-98.7161	37.6942	-124.2829
1140.0000	32.4458	-37.7737	33.7877	-75.9597	36.5755	-123.2470
1150.0000	31.9030	-7.8615	33.1150	-75.4236	35.8348	-146.9893
1160.0000	31.2860	7.5910	32.3589	-92.5903	35.0063	165.1373
1170.0000	30.9143	6.2918	31.8988	-129.2084	34.4959	69.2419
1180.0000	30.7272	-0.3538	31.6608	169.9448	34.2253	-51.2976
1190.0000	30.5355	-3.0505	31.4194	105.4579	33.9529	-126.1037
1200.0000	30.5656	4.2359	31.4416	62.0494	33.9638	-176.8305
1210.0000	30.5910	32.7823	31.4586	51.6131	33.9700	148.0212
1220.0000	30.6119	107.8844	31.4706	79.1595	33.9718	139.3654
1230.0000	30.6283	-88.3044	31.4777	153.0922	33.9695	163.7930
1240.0000	30.6405	14.1314	31.4803	-81.3671	33.9631	-131.3561
1250.0000	30.6487	-74.9920	31.4785	84.6533	33.9529	48.3471
1260.0000	30.6529	-172.7656	31.4726	-17.7882	33.9391	-129.6165
1270.0000	30.6535	-171.9837	31.4627	-50.2614	33.9219	174.6355
1280.0000	30.6504	-63.8055	31.4489	-1.8993	33.9013	-173.8645
1290.0000	30.6440	56.9844	31.4316	119.2546	33.8777	-58.1129
1300.0000	30.6343	0.6308	31.4108	16.5510	33.8510	152.5663
1310.0000	30.6214	13.8220	31.3867	2.0935	33.8216	121.3187
1320.0000	30.6056	111.0791	31.3596	78.6391	33.7895	161.1615
1330.0000	30.5870	26.2523	31.3294	-54.9210	33.7548	19.6067
1340.0000	30.5657	32.9623	31.2965	-87.3602	33.7177	-63.8450
1350.0000	30.5418	155.2740	31.2609	29.6900	33.6784	50.5568
1360.0000	30.5156	63.3962	31.2228	-112.4872	33.6368	-162.5265
1370.0000	30.4870	101.7764	31.1823	-86.3316	33.5933	-171.0763
1380.0000	30.4563	3.1114	31.1396	76.5801	33.5477	36.0364
1390.0000	30.4235	-3.5044	31.0947	50.9369	33.5004	-82.4455
1400.0000	30.3888	77.2431	31.0478	119.6556	33.4512	57.6383
1410.0000	30.3522	50.1781	30.9990	68.4225	33.4005	-128.7698
1420.0000	30.3140	124.3068	30.9484	112.0140	33.3482	-27.0960
1430.0000	30.2741	63.6150	30.8960	50.4295	33.2944	153.7986
1440.0000	30.2327	137.6548	30.8421	84.2518	33.2392	175.9535
1450.0000	30.1899	65.4695	30.7867	1.4226	33.1827	103.7042
1460.0000	30.1457	139.2182	30.7299	57.2441	33.1249	122.0388
1470.0000	30.1003	70.5149	30.6717	-75.4808	33.0660	21.5394
1480.0000	30.0537	-171.6240	30.6123	38.9035	33.0059	82.2776
1490.0000	30.0061	98.0886	30.5517	-90.0298	32.9449	-97.4070
1500.0000	29.9574	-31.2836	30.4900	58.0183	32.8828	67.3931
1510.0000	29.9078	-62.0795	30.4273	20.9157	32.8198	-51.9146
1520.0000	29.8573	68.9344	30.3636	106.2697	32.7560	108.3851
1530.0000	29.8060	80.5095	30.2991	108.0237	32.6913	100.4336
1540.0000	29.7539	41.2915	30.2336	41.9255	32.6258	-159.6576
1550.0000	29.7012	72.4223	30.1674	79.4363	32.5597	-52.2531
1560.0000	29.6478	59.6495	30.1005	40.8722	32.4928	158.7343
1570.0000	29.5939	-142.0639	30.0329	106.8843	32.4253	28.4377
1580.0000	29.5394	-70.6041	29.9647	111.1567	32.3572	7.3064
1590.0000	29.4845	104.3765	29.8959	65.5884	32.2886	144.2365
1600.0000	29.4291	-12.9872	29.8266	102.0777	32.2194	-154.3483
1610.0000	29.3734	-12.4071	29.7567	93.6192	32.1498	161.1858
1620.0000	29.3172	105.1778	29.6864	-0.5764	32.0796	98.7961
1630.0000	29.2608	-41.5324	29.6158	74.3330	32.0091	123.2011
1640.0000	29.2041	-69.1003	29.5447	57.4955	31.9382	104.0214
1650.0000	29.1472	81.2145	29.4733	149.0035	31.8669	177.1752
1660.0000	29.0901	-118.2568	29.4015	-39.8640	31.7952	-12.3409
1670.0000	29.0328	-126.3580	29.3295	-115.8014	31.7233	-152.9707
1680.0000	28.9754	77.8663	29.2573	101.7105	31.6510	122.8066
1690.0000	28.9178	-83.7202	29.1848	-172.5538	31.5785	150.1656
1700.0000	28.8602	-21.7814	29.1121	-168.8434	31.5057	144.2387
1710.0000	28.8025	149.5320	29.0393	105.0786	31.4328	109.9065
1720.0000	28.7447	58.4201	28.9663	-37.9361	31.3596	148.8068
1730.0000	28.6870	70.4487	28.8932	52.7577	31.2862	165.9254
1740.0000	28.6292	66.9207	28.8200	-32.2695	31.2127	137.7819
1750.0000	28.5715	2.6622	28.7467	106.5145	31.1390	80.1036
1760.0000	28.5138	68.3060	28.6733	-137.0518	31.0651	121.2760
1770.0000	28.4562	73.4998	28.5999	-73.6912	30.9912	122.3125
1780.0000	28.3987	67.3075	28.5265	144.0594	30.9171	89.9446
1790.0000	28.3412	-36.1379	28.4530	83.1790	30.8430	144.3792
1800.0000	28.2839	65.5105	28.3796	107.0095	30.7688	-117.8080
1810.0000	28.2267	69.3310	28.3061	114.0210	30.6945	-114.5598
1820.0000	28.1696	64.1455	28.2327	93.5020	30.6202	145.1894
1830.0000	28.1127	-108.5507	28.1594	-0.7861	30.5458	98.4041
1840.0000	28.0559	65.2703	28.0861	87.9206	30.4714	129.0943
1850.0000	27.9993	70.2850	28.0129	94.3211	30.3970	133.9833
1860.0000	27.9429	68.6676	27.9398	87.5495	30.3225	121.5525
1870.0000	27.8867	43.6278	27.8667	-11.4925	30.2481	39.0093
1880.0000	27.8306	77.1169	27.7938	93.4245	30.1737	123.3895
1890.0000	27.7748	-142.1041	27.7209	118.0161	30.0993	137.2908
1900.0000	27.7192	-61.6928	27.6482	121.7655	30.0249	135.5017
1910.0000	27.6638	160.0258	27.5756	96.9241	29.9506	118.3704
1920.0000	27.6086	70.0448	27.5032	60.4912	29.8763	-97.4343
1930.0000	27.5537	-92.8867	27.4309	97.9231	29.8020	112.5721
1940.0000	27.4990	60.2500	27.3587	130.5817	29.7279	127.0844
1950.0000	27.4446	65.3198	27.2867	135.2431	29.6537	125.6010
1960.0000	27.3904	52.5728	27.2149	102.3765	29.5797	106.2222
1970.0000	27.3364	156.3851	27.1433	80.4887	29.5057	175.1921
1980.0000	27.2828	67.8622	27.0718	115.1821	29.4318	108.6404
1990.0000	27.2293	77.1666	27.0005	-91.4980	29.3580	128.5181
2000.0000	27.1762	125.0114	26.9294	33.1248	29.2843	132.0721
